10                        -213.5514332510384
12.5                      -212.3927085777376
15                        -211.06753551673765
17.5                      -209.60331196291668
20                        -208.0192099947105
22.5                      -206.3257769001223
25                        -204.5249431582334
27.5                      -202.60976196626913
30                        -200.56324360481514
32.5                      -198.35543538410315
35                        -195.937122842103
37.5                      -193.22627655245626
40                        -190.0764423373822
42.5                      -186.1900430186461
45                        -180.8002649434765
47.5                      -170.39120684732396
50                        -169.07111950885343
52.5                      -177.74070619101676
55                        -181.20649518296807
57.5                      -183.13644018470032
60                        -184.3121235946938
62.5                      -185.0337164556002
65                        -185.4478744017751
67.5                      -185.63660115662486
70                        -185.64976374847348
72.5                      -185.51931728445484
75                        -185.26631204241963
77.5                      -184.90463558509134
80                        -184.4431123750674
82.5                      -183.88669502925754
85                        -183.23709856093706
87.5                      -182.49304366210447
90                        -181.6501690207434
92.5                      -180.7005932147692
95                        -179.6320176574136
97.5                      -178.4261268140212
100                       -177.05577657985845
102.5                     -175.47988663155266
105                       -173.6335276591821
107.5                     -171.4066894155212
110                       -168.59170117387976
112.5                     -164.71972768274458
115                       -158.28177532142425
117.5                     -121.60243804599088
120                       -157.77095789973197
122.5                     -163.30381756637027
125                       -166.35489574243277
127.5                     -168.36597904808
130                       -169.7908206137687
132.5                     -170.83036122118114
135                       -171.58983149380734
137.5                     -172.1295358349981
140                       -172.48521658704516
142.5                     -172.6772237419728
145                       -172.7146738405233
147.5                     -172.59678155810022
150                       -172.31189448249825
152.5                     -171.83354967181882
155                       -171.1108852784258
157.5                     -170.04530393867861
160                       -168.42532353725957
162.5                     -165.6895774063123
165                       -159.40545648825724
167.5                     -156.31180032437794
170                       -172.87520327533207
172.5                     -211.03346630899716
175                       -177.1786130545541
177.5                     -169.85400495544357
180                       -161.4386809532233
182.5                     -147.38650308762777
185                       -163.2128701953065
187.5                     -168.41301167404933
190                       -181.0380371324597
192.5                     -161.11751475807156
195                       -148.77681050441805
197.5                     -153.23227501694257
200                       -270.1394569822527
202.5                     -281.5793694456887
205                       -230.82405564018273
207.5                     -242.35561226210518
210                       -222.0257009978165
212.5                     -218.5446638820736
215                       -225.15785729621751
217.5                     -216.7914353838413
220                       -185.7406246966451
222.5                     -186.64452561440513
225                       -178.91740047135787
227.5                     -164.60661634226773
230                       -165.828893955204
232.5                     -171.53819338676772
235                       -173.239893887972
237.5                     -173.69203256358844
240                       -173.51750216858562
242.5                     -172.92816632322553
245                       -171.98495243971058
247.5                     -170.65253920168777
250                       -168.77281969308245
252.5                     -165.89882132051983
255                       -160.38314249679885
257.5                     -142.9486039705002
260                       -165.3355559134931
262.5                     -173.8311077945628
265                       -182.9079045042086
267.5                     -202.12974993992498
270                       -183.26423860938004
272.5                     -178.14111922557026
275                       -174.86310701198818
277.5                     -172.209522384988
280                       -169.760083957145
282.5                     -167.28153550147115
285                       -164.56945761565862
287.5                     -161.34248838304669
290                       -157.0211179869182
292.5                     -149.63108387522257
295                       -136.0683359499515
297.5                     -151.99586665106008
300                       -156.96855249248674
302.5                     -159.91432851371616
305                       -161.97737571887126
307.5                     -163.54832905636255
310                       -164.80829387755546
312.5                     -165.85660795238812
315                       -166.75426062410043
317.5                     -167.54211043709049
320                       -168.249729033149
322.5                     -168.90024476610563
325                       -169.51335118114199
327.5                     -170.1075041539816
330                       -170.70191543080884
332.5                     -171.31886537998756
335                       -171.98703912124958
337.5                     -172.7472010021154
340                       -173.66320602352954
342.5                     -174.84637633266175
345                       -176.5192503298535
347.5                     -179.2309153278385
350                       -185.0686834818616
352.5                     -193.7287093551458
355                       -177.08782694841125
357.5                     -169.05274621457994
360                       -161.54212700409613
362.5                     -150.51327149170893
365                       -145.4266346143155
367.5                     -154.52496471701392
370                       -157.76411295812525
372.5                     -159.51450170846323
375                       -160.59776336735223
377.5                     -161.30996824234188
380                       -161.78862106080203
382.5                     -162.10747623860559
385                       -162.31000761523143
387.5                     -162.42360704437675
390                       -162.46640181380695
392.5                     -162.45083610356772
395                       -162.38568578286703
397.5                     -162.2772542920059
400                       -162.13011323643087
402.5                     -161.94757647289754
405                       -161.73201108462513
407.5                     -161.485044262293
410                       -161.20770100086406
412.5                     -160.90049364780927
415                       -160.56347600700477
417.5                     -160.1962694578827
420                       -159.7980648359303
422.5                     -159.36760099506105
425                       -158.90311833391021
427.5                     -158.4022825222069
430                       -157.86207007834636
432.5                     -157.2786015772343
435                       -156.64689977185364
437.5                     -155.96053507147874
440                       -155.211095802714
442.5                     -154.38737390134486
445                       -153.4740678669184
447.5                     -152.44962264893564
450                       -151.2824264751413
452.5                     -149.9236260484203
455                       -148.2922419483558
457.5                     -146.24016454186258
460                       -143.45280372556408
462.5                     -139.0605770304273
465                       -128.2832768100199
467.5                     -133.32317263234447
470                       -142.62671031529723
472.5                     -148.36062456031007
475                       -153.994578580384
477.5                     -163.32940951336127
480                       -164.91098869804767
482.5                     -153.50107713181035
485                       -146.63426805005605
487.5                     -139.09956804013123
490                       -120.34050503558555
492.5                     -133.67487256320402
495                       -139.53763359990526
497.5                     -142.4976175236356
500                       -144.39681964225719
502.5                     -145.74478394351905
505                       -146.75155549006456
507.5                     -147.52179670424368
510                       -148.11347500375734
512.5                     -148.56037494300446
515                       -148.88200103639642
517.5                     -149.0881831416473
520                       -149.1810155182967
522.5                     -149.15506682398689
525                       -148.99595713730628
527.5                     -148.67664097197923
530                       -148.14941376664663
532.5                     -147.3282856356799
535                       -146.04549349769076
537.5                     -143.92047215670783
540                       -139.78763956796024
542.5                     -123.50711358620516
545                       -140.32201805889656
547.5                     -149.08439615627972
550                       -155.38216100978994
552.5                     -161.52280538783833
555                       -169.45037866106506
557.5                     -201.37473011519694
560                       -173.02277815876982
562.5                     -168.03506975267817
565                       -165.4839871387267
567.5                     -163.85371461785323
570                       -162.68969210289217
572.5                     -161.79741010441404
575                       -161.0772087040237
577.5                     -160.471958026647
580                       -159.94625306066655
582.5                     -159.4768399762151
585                       -159.04773241630357
587.5                     -158.64752005631527
590                       -158.26779274977318
592.5                     -157.90217139186106
595                       -157.54568694068394
597.5                     -157.1943681191113
600                       -156.84495883812448
602.5                     -156.4947186319461
605                       -156.1412774977846
607.5                     -155.78252691057986
610                       -155.4165350889457
612.5                     -155.04147835279755
615                       -154.65558270696195
617.5                     -154.25707131728868
620                       -153.84411416808246
622.5                     -153.41477667672987
625                       -152.96696391489033
627.5                     -152.49835658978017
630                       -152.00633414559948
632.5                     -151.48787859031734
635                       -150.939450199043
637.5                     -150.35682207131026
640                       -149.73485368956565
642.5                     -149.06717244150525
645                       -148.34571254151453
647.5                     -147.56002604351397
650                       -146.69621556988506
652.5                     -145.73521003289625
655                       -144.6498342103057
657.5                     -143.3995070349087
660                       -141.91985048519084
662.5                     -140.10002434149607
665                       -137.72516621192668
667.5                     -134.29070791565647
670                       -128.05176274450974
672.5                     -110.88282066408493
675                       -131.0928470788883
677.5                     -137.43539364567565
680                       -141.92736115056144
682.5                     -146.09839523488083
685                       -151.11683141069784
687.5                     -160.82715297097295
690                       -159.80765151078344
692.5                     -149.28725718019615
695                       -142.8774059697456
697.5                     -136.36745849899793
700                       -125.5791381797334
702.5                     -123.76572405687234
705                       -132.66683102171052
707.5                     -136.42266086344756
710                       -138.74550055740593
712.5                     -140.39923497626825
715                       -141.66895527936833
717.5                     -142.69064652296305
720                       -143.53910335274082
722.5                     -144.25956916847423
725                       -144.88135783055293
727.5                     -145.42447903736098
730                       -145.90316205585881
732.5                     -146.32786306049672
735                       -146.70647259491486
737.5                     -147.0450744659917
740                       -147.34843975667997
742.5                     -147.6203571210752
745                       -147.86385723191935
747.5                     -148.08136516316674
750                       -148.2747999391491
752.5                     -148.44563045518436
755                       -148.59488803454659
757.5                     -148.7231243232255
760                       -148.83028258609474
762.5                     -148.9154044757977
765                       -148.9759755298603
767.5                     -149.00635747650188
770                       -148.99348502886372
772.5                     -148.90213678317423
775                       -148.60065422824096
777.5                     -146.8617256499846
780                       -152.02047161576735
782.5                     -150.36032687140886
785                       -150.02069538771988
787.5                     -149.8621213592687
790                       -149.75714565439282
792.5                     -149.6709970323877
795                       -149.59035356026317
797.5                     -149.5090413874658
800                       -149.42382024727354
802.5                     -149.33282968167995
805                       -149.2349237110646
807.5                     -149.12935383965373
810                       -149.0156058516383
812.5                     -148.89331137287326
815                       -148.76219909327955
817.5                     -148.6220692871907
820                       -148.47278409374996
822.5                     -148.31427102447694
825                       -148.14654084263094
827.5                     -147.96972511217663
830                       -147.7841452659775
832.5                     -147.5904376387877
835                       -147.38978628460185
837.5                     -147.1843806738194
840                       -146.9783887255769
842.5                     -146.78026164925146
845                       -146.60909547996658
847.5                     -146.5167727334292
850                       -146.7036144197075
852.5                     -149.30982928511625
855                       -141.65630892017873
857.5                     -143.26445419866693
860                       -143.29362664387787
862.5                     -143.05160054963858
865                       -142.69656248397396
867.5                     -142.2705754879669
870                       -141.78750516020588
872.5                     -141.25105202576685
875                       -140.65996138500662
877.5                     -140.00971237931589
880                       -139.29290005955033
882.5                     -138.49892120645634
885                       -137.61306370518207
887.5                     -136.6148202548295
890                       -135.47491964188555
892.5                     -134.14993287518914
895                       -132.57176848669144
897.5                     -130.62498944934555
900                       -128.08986800779326
902.5                     -124.4610777550819
905                       -118.03774875229993
907.5                     -98.38162022230422
910                       -119.75233691676836
912.5                     -125.43632039372675
915                       -128.87600955940593
917.5                     -131.36258588665882
920                       -133.32120781615887
922.5                     -134.9461777476802
925                       -136.34330894900506
927.5                     -137.57721894732245
930                       -138.69087703473087
932.5                     -139.7149559049782
935                       -140.6728352024715
937.5                     -141.5835606328466
940                       -142.463794820115
942.5                     -143.32929309719253
945                       -144.19623548161962
947.5                     -145.0826921476281
950                       -146.0105574501907
952.5                     -147.00849713080737
955                       -148.11697723993203
957.5                     -149.3977723805511
960                       -150.95410267180904
962.5                     -152.98008782475304
965                       -155.9125232938374
967.5                     -161.13142472052294
970                       -188.65210243571485
972.5                     -160.1892237099168
975                       -152.92270012771516
977.5                     -148.0464750786153
980                       -143.9070008233985
982.5                     -139.86870261261464
985                       -135.399486971442
987.5                     -129.53415196289572
990                       -117.8477431862872
992.5                     -119.83593133080758
995                       -127.67501304724317
997.5                     -131.16919825643646
1000                      -133.31473988439822
