10                        -214.04999210189987
12.5                      -213.06295901030995
15                        -211.92622004148643
17.5                      -210.6633773634891
20                        -209.2927803240251
22.5                      -207.82692877801477
25                        -206.27239501088798
27.5                      -204.62986374483893
30                        -202.89395335553445
32.5                      -201.05250141928042
35                        -199.08488864861948
37.5                      -196.95864340679097
40                        -194.62269972618168
42.5                      -191.9933645023312
45                        -188.92191512625007
47.5                      -185.10571486369253
50                        -179.75973266639244
52.5                      -169.2028193738576
55                        -168.70051159140394
57.5                      -177.22722454165066
60                        -180.7452934464075
62.5                      -182.75847771012525
65                        -184.03071514330543
67.5                      -184.85794256029402
70                        -185.38575567635075
72.5                      -185.69624415782425
75                        -185.8399331284843
77.5                      -185.849824872317
80                        -185.7483624632094
82.5                      -185.55119543178475
85                        -185.26934911554986
87.5                      -184.91053115344812
90                        -184.4799383722882
92.5                      -183.98075412524534
95                        -183.4144386686755
97.5                      -182.78086710274576
100                       -182.07833877165595
102.5                     -181.3034605370012
105                       -180.45088341809307
107.5                     -179.51284528412083
110                       -178.47842719286268
112.5                     -177.33235393330142
115                       -176.0530165912043
117.5                     -174.60907392492481
120                       -172.953251031807
122.5                     -171.01005647885222
125                       -168.6485338817219
127.5                     -165.6109644121986
130                       -161.26915946071546
132.5                     -153.1765640770606
135                       -145.85112839764156
137.5                     -158.04645186732495
140                       -162.6179806165553
142.5                     -165.37238086642492
145                       -167.2819950103589
147.5                     -168.69765698947802
150                       -169.78621282490235
152.5                     -170.6400718959392
155                       -171.31565292910213
157.5                     -171.84978638352518
160                       -172.26768371279147
162.5                     -172.58718622809062
165                       -172.82119115888847
167.5                     -172.9791079314934
170                       -173.06776138912525
172.5                     -173.0919583123869
175                       -173.0548339215466
177.5                     -172.95804111008965
180                       -172.8018126814409
182.5                     -172.58490364095144
185                       -172.30439921137963
187.5                     -171.95534780052725
190                       -171.53013759877697
192.5                     -171.0174637883874
195                       -170.40059347683322
197.5                     -169.6543415015127
200                       -168.73949341564742
202.5                     -167.59168610317616
205                       -166.0967042584992
207.5                     -164.02625600349927
210                       -160.82307076861503
212.5                     -154.40666791045075
215                       -144.55045630840692
217.5                     -160.39927030820283
220                       -166.98505162561872
222.5                     -172.06975006668333
225                       -177.1002087237743
227.5                     -183.48676991387964
230                       -198.16418707369684
232.5                     -189.70795260258956
235                       -182.7425001449435
237.5                     -179.06924231046116
240                       -176.46987910471518
242.5                     -174.35648063959576
245                       -172.48096875830976
247.5                     -170.70804053141245
250                       -168.94605098749633
252.5                     -167.11721946769228
255                       -165.1380939908163
257.5                     -162.89709856399878
260                       -160.2120698891261
262.5                     -156.71565138987532
265                       -151.39839251149903
267.5                     -138.00682014308617
270                       -145.7524130554167
272.5                     -153.08772615878996
275                       -156.83156096283744
277.5                     -159.32207220782908
280                       -161.17076265139187
282.5                     -162.6303982528157
285                       -163.83030324606256
287.5                     -164.84580054680552
290                       -165.72490419605998
292.5                     -166.5004277319814
295                       -167.19616299922802
297.5                     -167.83034202671374
300                       -168.41774871287427
302.5                     -168.9711314683828
305                       -169.5022645920152
307.5                     -170.0228766765719
310                       -170.54562186524362
312.5                     -171.0852910439312
315                       -171.6605579896143
317.5                     -172.29679651978543
320                       -173.03107606298914
322.5                     -173.92189586088304
325                       -175.07039165580323
327.5                     -176.6740638067354
330                       -179.19851863471723
332.5                     -184.23028566870457
335                       -205.98493939546057
337.5                     -179.70907464478583
340                       -171.5498002746743
342.5                     -164.79382836862197
345                       -156.94836559521067
347.5                     -138.62065746399006
350                       -150.15198809750422
352.5                     -155.64699631384985
355                       -158.18349605815615
357.5                     -159.6739713404043
360                       -160.6408434878635
362.5                     -161.2984253293831
365                       -161.753666309263
367.5                     -162.0667003047005
370                       -162.27419418448935
372.5                     -162.39985646890628
375                       -162.45970561738275
377.5                     -162.46493135384907
380                       -162.42354795161464
382.5                     -162.34139756475625
385                       -162.22278357247814
387.5                     -162.07088309414584
390                       -161.8880221662158
392.5                     -161.67586222934176
395                       -161.4355272391777
397.5                     -161.16768942296267
400                       -160.87262492234987
402.5                     -160.55024625647587
405                       -160.20011558899932
407.5                     -159.82144063123314
410                       -159.4130532827813
412.5                     -158.97336923967129
415                       -158.5003248671979
417.5                     -157.99128488997007
420                       -157.4429105364419
422.5                     -156.85097182176725
425                       -156.2100777897016
427.5                     -155.51328201803904
430                       -154.7514913393613
432.5                     -153.9125516593506
435                       -152.97977906344516
437.5                     -151.9294853448592
440                       -150.7265569877598
442.5                     -149.31594158134862
445                       -147.60454689549425
447.5                     -145.41705491035856
450                       -142.36281099333434
452.5                     -137.25062856177342
455                       -119.3222675723439
457.5                     -136.08238905801673
460                       -143.79830597194913
462.5                     -149.16995736616744
465                       -154.7534803672991
467.5                     -164.61555061290537
470                       -164.18993961270422
472.5                     -153.5042953634774
475                       -146.8586229723142
477.5                     -139.67099244624984
480                       -124.32550866961563
482.5                     -132.5439177673531
485                       -138.99773323228086
487.5                     -142.13118494805715
490                       -144.1172919262113
492.5                     -145.52067204456156
495                       -146.56865444018263
497.5                     -147.3732376025722
500                       -147.9962312368112
502.5                     -148.4738656101527
505                       -148.82756759199998
507.5                     -149.06904481837648
510                       -149.20260682333873
512.5                     -149.22583007681058
515                       -149.12885447043783
517.5                     -148.89200909639854
520                       -148.48064235441646
522.5                     -147.8342046934343
525                       -146.84142668514392
527.5                     -145.2749943213417
530                       -142.57060730310914
532.5                     -136.57540516561878
535                       -128.35482914479473
537.5                     -144.20380299168278
540                       -151.45307140596142
542.5                     -157.40507087911533
545                       -163.70199638622208
547.5                     -172.8991401150154
550                       -184.18781600899038
552.5                     -171.37021410214115
555                       -167.36072570036077
557.5                     -165.12908880451943
560                       -163.64838092817087
562.5                     -162.56726114759766
565                       -161.72588775549283
567.5                     -161.03928803786263
570                       -160.45751243059928
572.5                     -159.9490287004566
575                       -159.49282820298714
577.5                     -159.0743008784935
580                       -158.68291893008183
582.5                     -158.31085997263034
585                       -157.95214968614908
587.5                     -157.60210665815433
590                       -157.25697044470314
592.5                     -156.91364466677948
595                       -156.5695143262543
597.5                     -156.22231215166062
600                       -155.87001775175514
602.5                     -155.51077893303113
605                       -155.14284777456697
607.5                     -154.764526259076
610                       -154.374117396757
612.5                     -153.96987862092865
615                       -153.54997447954665
617.5                     -153.11242563330845
620                       -152.65505085685123
622.5                     -152.17539792345613
625                       -151.67065796917814
627.5                     -151.1375558357059
630                       -150.57220546502325
632.5                     -149.96991404754408
635                       -149.32490960145327
637.5                     -148.62995146753107
640                       -147.87575650720416
642.5                     -147.05012486433847
645                       -146.13655503530703
647.5                     -145.11194581078493
650                       -143.94256082815633
652.5                     -142.5764183185688
655                       -140.92753521895898
657.5                     -138.83882572236874
660                       -135.97621982104687
662.5                     -131.40793675973384
665                       -119.69675780798934
667.5                     -126.32494447856632
670                       -134.93462336591222
672.5                     -139.95063022282775
675                       -144.1067121479137
677.5                     -148.4831123241118
680                       -154.79146884167616
682.5                     -197.91388508773065
685                       -153.61129425123733
687.5                     -146.11994966174547
690                       -140.0082425551115
692.5                     -132.4855256701093
695                       -106.32016848497089
697.5                     -129.17349714655933
700                       -134.66884815663445
702.5                     -137.60951643626692
705                       -139.5751122497068
707.5                     -141.03155935636406
710                       -142.17739368744614
712.5                     -143.11455992981197
715                       -143.90189014687428
717.5                     -144.5762095716142
720                       -145.16199901792587
722.5                     -145.67630790353252
725                       -146.13145716613735
727.5                     -146.5366207386892
730                       -146.8987976656641
732.5                     -147.22343405414077
735                       -147.51483393496673
737.5                     -147.77643722249425
740                       -148.01101024320985
742.5                     -148.2207756002825
745                       -148.4074965176369
747.5                     -148.5725223884863
750                       -148.7167941707595
752.5                     -148.84079709515547
755                       -148.9444271633388
757.5                     -149.02668992780005
760                       -149.08502327946803
762.5                     -149.1136477509754
765                       -149.09891344982017
767.5                     -149.00264971366434
770                       -148.67056537374654
772.5                     -146.07329734807098
775                       -151.34941567374517
777.5                     -150.2945997040087
780                       -150.02720112278757
782.5                     -149.89292164607713
785                       -149.7994573406243
787.5                     -149.7198432406792
790                       -149.64337975714005
792.5                     -149.56499996616694
795                       -149.48200453439577
797.5                     -149.39282569040108
800                       -149.29648805738742
802.5                     -149.1923482567577
805                       -149.07995953180836
807.5                     -148.95899793737033
810                       -148.82922160450116
812.5                     -148.6904497080624
815                       -148.54255503714188
817.5                     -148.38546823565713
820                       -148.219194979867
822.5                     -148.04385104925456
825                       -147.85972609972828
827.5                     -147.6673982332541
830                       -147.4679457366629
832.5                     -147.2633596737547
835                       -147.05741125326458
837.5                     -146.8576754113232
840                       -146.68099587009212
842.5                     -146.571864657567
845                       -146.69233156262428
847.5                     -148.41598632280065
850                       -140.9903007867907
852.5                     -143.31521636397375
855                       -143.40061764807956
857.5                     -143.177653508965
860                       -142.8344970198093
862.5                     -142.41871017018576
865                       -141.94584991746268
867.5                     -141.42038992094126
870                       -140.84160024601235
872.5                     -140.20545878880108
875                       -139.5051467505623
877.5                     -138.7308333314232
880                       -137.86889553908344
882.5                     -136.90044396330768
885                       -135.79873918626507
887.5                     -134.52456198397795
890                       -133.0173824111593
892.5                     -131.1768441502986
895                       -128.81825588864143
897.5                     -125.5406307316996
900                       -120.15715102099706
902.5                     -102.72673255917228
905                       -117.52717336975338
907.5                     -124.35070187071742
910                       -128.158825424761
912.5                     -130.8268296922891
915                       -132.89264931056357
917.5                     -134.5876429138004
920                       -136.03333074955702
922.5                     -137.30207457488103
925                       -138.44104390245158
927.5                     -139.4833170708976
930                       -140.4536652697067
932.5                     -141.37188423359024
935                       -142.2549209993078
937.5                     -143.11841306593274
940                       -143.97799963775802
942.5                     -144.8506765381489
945                       -145.75648728452654
947.5                     -146.72098740184276
950                       -147.77929300462876
952.5                     -148.98345048677467
955                       -150.41735351797752
957.5                     -152.2311729364125
960                       -154.73720283017252
962.5                     -158.77502481766288
965                       -168.65584231763768
967.5                     -165.01207283971226
970                       -155.3157586112221
972.5                     -149.8579917665078
975                       -145.53738599121397
977.5                     -141.52348082898686
980                       -137.2985246101414
982.5                     -132.16331066108165
985                       -124.0337968441378
987.5                     -110.74534657941106
990                       -125.62231266087738
992.5                     -130.11895520614334
995                       -132.66188200542658
997.5                     -134.36347467736613
1000                      -135.6013533304917
